5 1 5 5 4 3 4 2 100
3 4 5 4 4 5 3 3 2 50
2 2 3 4 1 50
2 3 3 4 5 5 3 3 4 50
1 3 5 3 3 2 4 4 2 50
2 3 3 4 5 2 3 3 4 50
1 3 5 3 3 5 5 1 5 5 4 4 100
4 3 3 2 1 4 1 1 2 5 4 4 50
2 3 3 4 5 2 3 3 4 5 4 4 50
3 4 5 4 4 3 5 5 2 2 4 4 100
2 3 3 4 5 2 3 3 4 50
2 1 3 4 5 4 4 3 2 5 100
2 1 3 4 5 3 1 2 3 4 100
2 1 3 3 4 50
2 1 3 1 1 2 3 2 2 5 3 50
2 3 3 4 5 4 4 50
2 3 3 4 5 5 3 4 4 50
2 3 3 1 3 3 5 1 1 5 5 5 5 1 4 4 4 50
2 1 3 4 3 2 3 50
1 2 5 3 4 3 3 4 2 50
3 2 5 4 1 3 1 1 2 4 4 5 100
2 3 3 4 5 4 4 50
3 1 5 4 1 4 4 3 5 5 4 4 4 3 2 100
2 3 3 4 5 5 3 3 4 50
2 2 3 4 1 50
3 4 2 1 2 2 4 3 100
5 2 5 5 4 3 1 2 2 3 1 4 100
3 4 2 1 5 1 5 1 2 3 1 4 100
2 5 3 5 1 50
1 3 4 1 1 5 5 5 3 4 100
4 1 3 5 2 5 5 5 3 4 50
3 4 5 4 4 3 5 5 2 2 100
2 3 3 5 3 4 100
3 4 3 3 2 1 2 1 4 50
5 3 4 3 3 4 5 5 4 100
2 3 3 4 5 2 3 3 4 50
4 3 4 4 3 1 2 2 3 3 5 50
4 1 4 4 3 2 5 2 3 3 5 50
2 1 3 4 2 2 3 1 4 3 5 50
2 1 3 4 3 3 2 1 2 3 5 50
2 2 3 4 1 50
3 4 3 3 4 5 5 50
1 3 5 3 3 1 5 5 5 3 4 4 100
2 4 3 1 5 3 1 4 2 5 100
2 1 3 4 3 3 2 1 2 5 50
4 2 3 5 5 3 1 2 1 4 100
4 2 4 4 3 3 1 2 1 4 100
2 5 1 3 3 4 1 2 1 4 100
2 4 3 1 5 3 1 4 2 4 100
4 5 3 2 1 4 2 3 2 4 100
2 1 3 2 4 50
5 1 2 5 3 4 2 2 3 1 4 50
2 3 3 1 3 3 5 1 1 5 5 5 5 1 4 4 4 50
2 3 3 2 3 3 5 1 1 1 100
2 3 3 2 3 3 5 1 1 1 100
2 4 3 1 5 2 1 2 2 3 100
2 3 3 4 5 5 3 3 4 50
2 4 3 1 5 4 4 3 2 5 100
2 5 3 4 1 50
2 3 3 2 3 3 5 1 1 1 100
3 4 2 1 3 3 2 1 4 1 50
4 2 3 5 5 4 1 3 2 3 100
2 1 3 4 4 2 1 3 2 3 100
2 1 3 4 3 3 2 1 2 50
2 2 3 4 1 50
2 4 3 1 5 1 1 2 3 3 100
2 5 3 1 4 50
2 1 2 2 1 5 3 3 1 50
4 3 3 2 1 1 4 2 4 50
2 1 2 2 2 1 1 1 3 50
2 3 3 3 3 3 5 2 1 1 5 1 100
2 5 3 5 1 50
5 1 5 5 5 1 1 5 4 3 2 4 100
4 2 3 5 5 4 1 1 1 2 2 3 100
2 2 3 3 1 50
2 1 2 2 4 1 3 50
5 3 5 5 4 4 3 100
4 4 3 2 3 3 1 5 100
1 5 2 3 3 4 1 5 100
4 2 3 5 2 1 2 2 3 50
3 2 2 4 2 2 5 4 4 5 3 3 100
2 1 3 4 4 3 4 4 2 2 3 3 100
2 5 4 3 1 3 3 4 2 2 3 3 50
5 1 5 5 5 2 3 4 5 3 1 3 3 2 100
1 1 5 3 4 2 2 2 3 4 3 3 3 2 50
4 4 3 2 3 3 5 2 3 4 3 3 3 2 50
2 3 3 4 5 4 4 2 3 4 3 3 3 2 50
1 3 1 1 1 4 5 2 3 4 3 3 3 2 100
5 4 3 4 4 4 3 3 2 4 3 3 3 2 50
3 5 2 2 2 3 1 4 5 4 1 4 50
3 5 2 2 3 4 4 5 3 50
3 5 2 2 1 50
2 4 3 1 5 1 1 2 3 3 100
2 5 3 4 1 50
2 4 3 1 4 1 1 2 3 3 100
4 2 4 4 3 5 3 3 2 3 50
2 4 3 1 5 1 1 2 3 3 100
5 4 4 3 2 1 1 2 3 3 100
2 4 1 3 5 2 2 5 3 4 4 50
3 2 2 4 1 3 3 5 3 4 4 50
2 4 4 5 3 1 5 3 5 4 4 50
4 2 4 4 3 3 5 3 5 4 4 100
4 5 2 2 4 4 3 3 5 4 4 50
5 3 3 3 5 5 2 5 5 2 1 1 3 4 4 50
1 3 5 4 2 1 1 5 1 1 2 2 3 3 4 50
4 5 5 2 1 2 2 2 4 4 5 3 3 3 4 50
2 4 1 3 5 5 1 1 2 2 3 50
3 5 2 1 4 5 1 1 2 2 3 50
2 4 1 3 5 2 2 2 1 1 3 100
3 2 2 2 5 3 4 2 1 1 3 50
3 3 2 1 4 3 4 2 1 1 3 50
1 3 5 2 4 4 5 5 1 1 3 100
3 5 2 1 4 4 5 5 1 1 3 50
4 2 4 4 3 3 5 5 1 1 3 100
2 4 1 3 5 4 4 3 2 3 3 100
4 2 4 4 3 3 4 3 2 3 3 100
4 2 4 4 3 3 4 3 2 3 3 100
3 5 2 1 4 3 4 3 2 3 3 50
3 5 2 1 4 3 4 3 2 3 3 50
5 4 4 3 2 1 1 2 1 1 4 3 4 50
3 5 2 1 4 1 1 2 1 1 4 3 4 50
1 1 5 1 1 2 2 4 4 5 4 4 5 3 100
1 2 2 2 4 5 5 2 2 3 4 3 3 3 50
5 4 2 4 4 5 4 4 1 3 3 3 3 3 50
4 2 4 4 3 3 4 4 1 3 3 3 3 3 100
2 4 1 3 5 1 5 5 4 3 3 3 3 3 50
4 2 4 4 3 3 5 5 4 3 3 3 3 3 100
3 3 2 1 4 3 5 5 4 3 3 3 3 3 50
2 4 1 3 5 3 3 2 4 3 3 3 3 3 50
3 1 1 2 5 2 2 3 3 1 3 3 3 3 50
3 3 4 2 5 2 2 3 3 1 3 3 3 3 50
5 4 5 5 2 4 3 4 3 1 3 3 3 3 100
2 4 1 3 5 4 4 3 2 3 3 3 3 3 100
1 1 5 5 3 4 4 5 5 3 1 2 2 3 50
3 5 2 2 2 3 1 4 5 4 1 4 50
3 5 2 2 3 4 4 5 3 50
3 5 2 2 1 50
2 4 3 1 5 1 1 2 3 3 100
2 5 3 4 1 50
2 4 3 1 4 1 1 2 3 3 100
4 2 4 4 3 5 3 3 2 3 50
2 4 3 1 5 1 1 2 3 3 100
5 4 4 3 2 1 1 2 3 3 100
2 4 1 3 5 2 2 5 3 4 4 50
3 2 2 4 1 3 3 5 3 4 4 50
2 4 4 5 3 1 5 3 5 4 4 50
4 2 4 4 3 3 5 3 5 4 4 100
4 5 2 2 4 4 3 3 5 4 4 50
5 3 3 3 5 5 2 5 5 2 1 1 3 4 4 50
1 3 5 4 2 1 1 5 1 1 2 2 3 3 4 50
4 5 5 2 1 2 2 2 4 4 5 3 3 3 4 50
2 4 1 3 5 5 1 1 2 2 3 50
3 5 2 1 4 5 1 1 2 2 3 50
2 4 1 3 5 2 2 2 1 1 3 100
3 2 2 2 5 3 4 2 1 1 3 50
3 3 2 1 4 3 4 2 1 1 3 50
1 3 5 2 4 4 5 5 1 1 3 100
3 5 2 1 4 4 5 5 1 1 3 50
4 2 4 4 3 3 5 5 1 1 3 100
2 4 1 3 5 4 4 3 2 3 3 100
4 2 4 4 3 3 4 3 2 3 3 100
4 2 4 4 3 3 4 3 2 3 3 100
3 5 2 1 4 3 4 3 2 3 3 50
3 5 2 1 4 3 4 3 2 3 3 50
5 4 4 3 2 1 1 2 1 1 4 3 4 50
3 5 2 1 4 1 1 2 1 1 4 3 4 50
1 1 5 1 1 2 2 4 4 5 4 4 5 3 100
1 2 2 2 4 5 5 2 2 3 4 3 3 3 50
5 4 2 4 4 5 4 4 1 3 3 3 3 3 50
4 2 4 4 3 3 4 4 1 3 3 3 3 3 100
2 4 1 3 5 1 5 5 4 3 3 3 3 3 50
4 2 4 4 3 3 5 5 4 3 3 3 3 3 100
3 3 2 1 4 3 5 5 4 3 3 3 3 3 50
2 4 1 3 5 3 3 2 4 3 3 3 3 3 50
3 1 1 2 5 2 2 3 3 1 3 3 3 3 50
3 3 4 2 5 2 2 3 3 1 3 3 3 3 50
5 4 5 5 2 4 3 4 3 1 3 3 3 3 100
2 4 1 3 5 4 4 3 2 3 3 3 3 3 100
1 1 5 5 3 4 4 5 5 3 1 2 2 3 50
2 4 1 3 5 5 1 1 2 2 3 50
2 4 1 3 5 5 1 1 2 2 3 50
5 4 4 3 2 1 3 2 4 2 3 50
1 2 3 2 2 1 3 3 2 2 5 3 3 1 1 50
2 4 1 3 5 4 4 3 2 3 5 3 3 1 1 100
4 2 4 4 3 3 4 3 2 3 5 3 3 1 1 100
5 4 3 3 5 5 5 4 4 3 3 3 3 1 1 50
4 2 4 4 3 3 5 4 4 3 3 3 3 1 1 100
5 4 2 2 4 4 3 1 3 3 3 3 3 1 1 100
3 5 2 1 4 4 3 1 3 3 3 3 3 1 1 50
5 4 4 3 2 1 1 2 1 1 4 3 4 1 1 50
3 5 2 1 4 1 1 2 1 1 4 3 4 1 1 50
1 1 5 1 1 2 2 4 4 5 4 4 5 3 1 100
1 2 2 2 4 5 5 2 2 3 4 3 3 3 1 50
5 4 2 4 4 5 4 4 1 3 3 3 3 3 1 50
4 2 4 4 3 3 4 4 1 3 3 3 3 3 1 100
2 4 1 3 5 1 5 5 4 3 3 3 3 3 1 50
4 2 4 4 3 3 5 5 4 3 3 3 3 3 1 100
3 3 2 1 4 3 5 5 4 3 3 3 3 3 1 50
2 4 1 3 5 3 3 2 4 3 3 3 3 3 1 50
3 1 1 2 5 2 2 3 3 1 3 3 3 3 1 50
3 3 4 2 5 2 2 3 3 1 3 3 3 3 1 50
5 4 5 5 2 4 3 4 3 1 3 3 3 3 1 100
2 4 1 3 5 4 4 3 2 3 3 3 3 3 1 100
1 1 5 5 3 4 4 5 5 3 1 2 2 3 1 50
2 3 3 5 3 4 100
1 3 2 5 4 1 2 2 4 4 3 50
4 2 4 4 3 3 2 2 4 4 3 100
2 1 4 5 3 3 2 2 4 4 3 50
1 3 5 2 4 2 2 3 1 4 3 100
2 1 4 2 3 2 2 3 1 4 3 50
2 3 3 4 5 4 4 50
2 1 2 2 3 4 3 1 4 50
5 4 5 5 4 2 4 4 3 2 3 50
2 4 3 1 5 5 1 2 5 3 4 50
1 3 2 4 5 4 4 3 2 3 4 100
3 5 2 2 2 3 1 4 5 4 1 4 50
3 5 2 2 3 4 4 5 3 50
3 5 2 2 1 50
2 4 3 1 5 1 1 2 3 3 100
2 5 3 4 1 50
2 4 3 1 4 1 1 2 3 3 100
4 2 4 4 3 5 3 3 2 3 50
2 4 3 1 5 1 1 2 3 3 100
5 4 4 3 2 1 1 2 3 3 100
2 4 1 3 5 2 2 5 3 4 4 50
3 2 2 4 1 3 3 5 3 4 4 50
2 4 4 5 3 1 5 3 5 4 4 50
4 2 4 4 3 3 5 3 5 4 4 100
4 5 2 2 4 4 3 3 5 4 4 50
5 3 3 3 5 5 2 5 5 2 1 1 3 4 4 50
1 3 5 4 2 1 1 5 1 1 2 2 3 3 4 50
4 5 5 2 1 2 2 2 4 4 5 3 3 3 4 50
2 4 1 3 5 5 1 1 2 2 3 50
3 5 2 1 4 5 1 1 2 2 3 50
2 4 1 3 5 2 2 2 1 1 3 100
3 2 2 2 5 3 4 2 1 1 3 50
3 3 2 1 4 3 4 2 1 1 3 50
1 3 5 2 4 4 5 5 1 1 3 100
3 5 2 1 4 4 5 5 1 1 3 50
4 2 4 4 3 3 5 5 1 1 3 100
2 4 1 3 5 4 4 3 2 3 3 100
4 2 4 4 3 3 4 3 2 3 3 100
4 2 4 4 3 3 4 3 2 3 3 100
3 5 2 1 4 3 4 3 2 3 3 50
3 5 2 1 4 3 4 3 2 3 3 50
5 4 4 3 2 1 1 2 1 1 4 3 4 50
3 5 2 1 4 1 1 2 1 1 4 3 4 50
1 1 5 1 1 2 2 4 4 5 4 4 5 3 100
1 2 2 2 4 5 5 2 2 3 4 3 3 3 50
5 4 2 4 4 5 4 4 1 3 3 3 3 3 50
4 2 4 4 3 3 4 4 1 3 3 3 3 3 100
2 4 1 3 5 1 5 5 4 3 3 3 3 3 50
4 2 4 4 3 3 5 5 4 3 3 3 3 3 100
3 3 2 1 4 3 5 5 4 3 3 3 3 3 50
2 4 1 3 5 3 3 2 4 3 3 3 3 3 50
3 1 1 2 5 2 2 3 3 1 3 3 3 3 50
3 3 4 2 5 2 2 3 3 1 3 3 3 3 50
5 4 5 5 2 4 3 4 3 1 3 3 3 3 100
2 4 1 3 5 4 4 3 2 3 3 3 3 3 100
1 1 5 5 3 4 4 5 5 3 1 2 2 3 50
2 4 1 3 5 5 1 1 2 2 3 50
2 4 1 3 5 5 1 1 2 2 3 50
5 4 4 3 2 1 3 2 4 2 3 50
1 2 3 2 2 1 3 3 2 2 5 3 3 1 1 50
2 4 1 3 5 4 4 3 2 3 5 3 3 1 1 100
4 2 4 4 3 3 4 3 2 3 5 3 3 1 1 100
5 4 3 3 5 5 5 4 4 3 3 3 3 1 1 50
4 2 4 4 3 3 5 4 4 3 3 3 3 1 1 100
5 4 2 2 4 4 3 1 3 3 3 3 3 1 1 100
3 5 2 1 4 4 3 1 3 3 3 3 3 1 1 50
5 4 4 3 2 1 1 2 1 1 4 3 4 1 1 50
3 5 2 1 4 1 1 2 1 1 4 3 4 1 1 50
1 1 5 1 1 2 2 4 4 5 4 4 5 3 1 100
1 2 2 2 4 5 5 2 2 3 4 3 3 3 1 50
5 4 2 4 4 5 4 4 1 3 3 3 3 3 1 50
4 2 4 4 3 3 4 4 1 3 3 3 3 3 1 100
2 4 1 3 5 1 5 5 4 3 3 3 3 3 1 50
4 2 4 4 3 3 5 5 4 3 3 3 3 3 1 100
3 3 2 1 4 3 5 5 4 3 3 3 3 3 1 50
2 4 1 3 5 3 3 2 4 3 3 3 3 3 1 50
3 1 1 2 5 2 2 3 3 1 3 3 3 3 1 50
3 3 4 2 5 2 2 3 3 1 3 3 3 3 1 50
5 4 5 5 2 4 3 4 3 1 3 3 3 3 1 100
2 4 1 3 5 4 4 3 2 3 3 3 3 3 1 100
1 1 5 5 3 4 4 5 5 3 1 2 2 3 1 50
2 4 1 3 5 5 1 1 2 2 3 50
5 4 4 3 2 1 3 2 4 2 3 50
1 2 3 2 2 1 3 3 2 2 5 3 3 1 1 50
2 4 1 3 5 4 4 3 2 3 5 3 3 1 1 100
4 2 4 4 3 3 4 3 2 3 5 3 3 1 1 100
5 4 3 3 5 5 5 4 4 3 3 3 3 1 1 50
4 2 4 4 3 3 5 4 4 3 3 3 3 1 1 100
5 4 2 2 4 4 3 1 3 3 3 3 3 1 1 100
3 5 2 1 4 4 3 1 3 3 3 3 3 1 1 50
5 4 4 3 2 1 1 2 1 1 4 3 4 1 1 50
3 5 2 1 4 1 1 2 1 1 4 3 4 1 1 50
1 1 5 1 1 2 2 4 4 5 4 4 5 3 1 100
1 2 2 2 4 5 5 2 2 3 4 3 3 3 1 50
5 4 2 4 4 5 4 4 1 3 3 3 3 3 1 50
4 2 4 4 3 3 4 4 1 3 3 3 3 3 1 100
2 4 1 3 5 1 5 5 4 3 3 3 3 3 1 50
4 2 4 4 3 3 5 5 4 3 3 3 3 3 1 100
3 3 2 1 4 3 5 5 4 3 3 3 3 3 1 50
2 4 1 3 5 3 3 2 4 3 3 3 3 3 1 50
3 1 1 2 5 2 2 3 3 1 3 3 3 3 1 50
3 3 4 2 5 2 2 3 3 1 3 3 3 3 1 50
5 4 5 5 2 4 3 4 3 1 3 3 3 3 1 100
2 4 1 3 5 5 1 1 2 2 3 50
5 4 4 3 2 1 3 2 4 2 3 50
1 2 3 2 2 1 3 3 2 2 5 3 3 1 1 50
2 4 1 3 5 4 4 3 2 3 5 3 3 1 1 100
4 2 4 4 3 3 4 3 2 3 5 3 3 1 1 100
5 4 3 3 5 5 5 4 4 3 3 3 3 1 1 50
4 2 4 4 3 3 5 4 4 3 3 3 3 1 1 100
5 4 2 2 4 4 3 1 3 3 3 3 3 1 1 100
3 5 2 1 4 4 3 1 3 3 3 3 3 1 1 50
5 4 4 3 2 1 1 2 1 1 4 3 4 1 1 50
3 5 2 1 4 1 1 2 1 1 4 3 4 1 1 50
1 1 5 1 1 2 2 4 4 5 4 4 5 3 1 100
1 2 2 2 4 5 5 2 2 3 4 3 3 3 1 50
5 4 2 4 4 5 4 4 1 3 3 3 3 3 1 50
4 2 4 4 3 3 4 4 1 3 3 3 3 3 1 100
2 4 1 3 5 1 5 5 4 3 3 3 3 3 1 50
4 2 4 4 3 3 5 5 4 3 3 3 3 3 1 100
3 3 2 1 4 3 5 5 4 3 3 3 3 3 1 50
2 4 1 3 5 3 3 2 4 3 3 3 3 3 1 50
3 1 1 2 5 2 2 3 3 1 3 3 3 3 1 50
3 3 4 2 5 2 2 3 3 1 3 3 3 3 1 50
5 4 5 5 2 4 3 4 3 1 3 3 3 3 1 100
2 4 1 3 5 4 4 3 2 3 3 3 3 3 1 100
1 1 5 5 3 4 4 5 5 3 1 2 2 3 1 50
2 3 3 5 3 4 100
4 5 3 2 3 3 4 2 4 50
2 3 3 4 5 5 3 3 4 50
4 3 2 5 3 1 4 2 4 50
5 3 4 2 1 2 2 3 1 4 100
2 1 1 1 1 1 2 2 4 3 4 3 4 50
2 2 3 3 1 1 2 2 4 3 4 3 4 50
2 2 3 4 1 50
2 3 3 5 3 4 100
2 3 3 5 4 4 4 50
5 1 3 4 2 5 3 3 2 1 4 50
2 3 3 2 3 3 5 2 2 3 5 5 5 5 4 4 100
2 3 3 1 3 3 5 3 5 1 5 50
2 1 3 4 3 3 2 5 1 50
2 3 3 2 3 3 5 2 2 5 5 1 1 1 100
2 1 2 2 3 4 3 1 3 5 5 1 1 1 50
5 3 1 3 3 1 2 2 3 5 5 1 1 1 100
4 3 3 2 1 2 2 2 3 5 5 1 1 1 50
1 3 5 3 3 1 3 3 2 2 5 1 1 1 100
3 4 3 3 4 5 5 3 2 2 5 1 1 1 50
3 5 4 2 3 3 4 4 2 2 5 1 1 1 50
2 1 4 3 3 4 4 4 2 2 5 1 1 1 50
1 4 3 2 2 4 4 2 3 3 1 1 1 1 50
2 1 3 4 2 2 3 1 3 3 1 1 1 1 50
5 2 1 2 2 3 4 3 1 1 1 1 1 1 100
5 1 3 4 3 3 4 5 5 1 1 1 1 1 50
5 2 2 3 1 4 4 5 5 1 1 1 1 1 100
5 1 3 4 3 3 2 2 5 1 1 1 1 1 100
5 4 3 4 4 3 5 5 5 2 2 2 1 1 100
2 3 3 4 5 5 3 3 4 50
2 3 3 1 3 3 5 2 3 2 1 2 100
1 3 3 1 1 5 4 5 5 4 3 3 4 50
3 2 5 4 1 3 1 1 2 3 2 3 4 100
2 4 3 2 1 50
1 3 5 3 3 5 2 2 1 1 100
2 3 3 1 3 3 5 2 3 5 5 1 1 2 100
2 4 3 1 5 2 1 4 3 4 100
2 1 1 5 5 4 3 4 4 3 2 2 100
1 4 1 1 2 3 2 5 4 3 2 2 100
5 1 2 2 3 4 4 1 3 1 2 2 100
2 3 3 4 5 4 4 50
2 3 3 4 5 4 4 50
1 3 3 3 2 5 1 1 3 2 100
5 2 4 3 1 3 3 5 2 2 50
2 4 3 1 5 2 1 3 3 5 4 50
2 1 4 3 5 4 2 2 3 1 1 4 4 3 100
2 1 3 1 4 50
2 3 3 1 3 3 5 4 4 50
1 3 1 1 3 1 1 5 4 5 5 4 3 3 4 50
2 1 3 4 3 3 2 2 1 50
4 5 1 5 5 4 3 3 1 100
3 2 5 4 1 1 1 2 2 3 100
2 2 3 2 1 50
1 3 2 5 3 1 4 5 1 5 100
2 2 3 3 1 50
1 3 1 1 2 2 100
5 1 5 4 5 2 50
1 3 2 4 5 3 3 2 4 50
2 1 3 4 3 3 2 1 2 50
5 1 2 5 3 4 4 5 5 4 3 3 100
5 3 1 2 4 4 2 3 3 4 3 3 50
1 3 5 3 3 5 2 2 1 1 3 3 100
2 1 3 4 3 3 2 4 1 50
1 3 1 1 4 5 4 4 5 3 2 2 100
5 4 1 3 2 3 3 4 2 3 2 2 50
1 3 1 1 5 2 4 2 2 3 2 2 100
3 4 5 2 3 3 2 4 4 2 5 2 100
2 1 3 4 3 3 2 4 1 50
2 4 3 1 5 2 1 3 3 2 100
2 3 3 4 5 4 4 50
2 1 4 3 3 5 4 2 5 50
2 2 3 4 1 50
2 1 2 2 3 4 3 1 3 50
2 2 3 4 1 50
2 1 3 4 3 3 2 1 1 50
2 1 3 2 4 50
3 4 1 2 3 3 4 2 5 2 100
4 1 4 4 3 5 2 2 5 2 50
2 4 3 1 5 5 1 4 3 4 100
2 1 4 3 5 4 3 4 4 3 1 2 100
2 1 3 4 3 3 2 4 1 50
2 1 3 4 4 5 5 3 5 50
4 5 4 4 3 2 3 2 3 50
2 3 3 1 3 3 5 2 3 2 1 1 100
2 1 2 2 5 5 1 5 2 5 1 1 100
4 1 3 2 5 5 1 5 2 5 1 1 50
3 4 2 1 3 3 2 1 2 5 1 1 50
2 3 3 4 5 4 4 50
1 3 2 3 3 2 1 1 100
5 3 5 5 4 4 1 1 100
2 3 3 1 3 3 5 2 3 2 1 5 2 5 1 50
1 3 2 5 4 4 3 4 4 3 1 5 2 5 1 100
5 2 1 3 4 2 2 1 3 3 1 5 2 5 1 50
2 3 3 4 5 2 3 3 4 50
2 5 3 4 1 50
3 4 3 3 4 5 5 50
2 3 3 4 5 5 3 5 3 50
1 3 1 1 2 2 3 5 3 100
5 1 5 5 4 3 2 4 3 100
2 1 2 2 3 4 3 1 1 50
2 1 3 4 3 3 2 1 2 50
3 4 2 1 4 5 3 2 3 50
2 3 3 4 5 2 1 3 5 5 4 50
4 1 4 4 3 2 5 3 5 5 4 50
3 1 2 4 2 2 3 1 1 5 4 50
2 5 3 4 1 50
1 3 5 2 4 3 3 4 2 50
3 2 5 4 1 3 1 1 2 4 3 50
2 4 3 1 5 3 1 2 5 5 5 4 100
4 2 4 4 3 5 3 2 3 5 5 4 50
2 1 2 2 3 4 3 1 4 50
3 1 2 4 4 5 5 3 1 5 4 4 2 2 100
3 1 2 1 1 2 3 3 1 5 4 4 2 2 100
3 2 2 2 3 1 4 3 5 5 4 4 2 2 50
3 2 2 3 4 5 3 1 5 5 2 2 3 1 1 50
3 4 3 3 2 1 1 2 5 5 2 2 3 1 1 100
3 4 2 1 2 2 3 1 1 50
1 2 5 3 4 1 4 4 3 2 5 50
2 1 3 4 3 3 2 4 1 50
